         0         0    0.4980
         0         0    0.5059
         0         0    0.5137
         0         0    0.5216
         0         0    0.5294
         0         0    0.5373
         0         0    0.5451
         0         0    0.5529
         0         0    0.5608
         0         0    0.5686
         0         0    0.5765
         0         0    0.5843
         0         0    0.5922
         0         0    0.6000
         0         0    0.6078
         0         0    0.6157
         0         0    0.6235
         0         0    0.6314
         0         0    0.6392
         0         0    0.6471
         0         0    0.6549
         0         0    0.6627
         0         0    0.6706
         0         0    0.6784
         0         0    0.6863
         0         0    0.6941
         0         0    0.7020
         0         0    0.7098
         0         0    0.7176
         0         0    0.7255
         0         0    0.7333
         0         0    0.7412
         0         0    0.7529
         0         0    0.7608
         0         0    0.7686
         0         0    0.7765
         0         0    0.7843
         0         0    0.7922
         0         0    0.8000
         0         0    0.8078
         0         0    0.8157
         0         0    0.8235
         0         0    0.8314
         0         0    0.8392
         0         0    0.8471
         0         0    0.8549
         0         0    0.8627
         0         0    0.8706
         0         0    0.8784
         0         0    0.8863
         0         0    0.8941
         0         0    0.9020
         0         0    0.9098
         0         0    0.9176
         0         0    0.9255
         0         0    0.9333
         0         0    0.9412
         0         0    0.9490
         0         0    0.9569
         0         0    0.9647
         0         0    0.9725
         0         0    0.9804
         0         0    0.9882
         0         0    0.9961
    0.0039    0.0039    1.0000
    0.0196    0.0196    1.0000
    0.0353    0.0353    1.0000
    0.0510    0.0510    1.0000
    0.0667    0.0667    1.0000
    0.0824    0.0824    1.0000
    0.0980    0.0980    1.0000
    0.1137    0.1137    1.0000
    0.1294    0.1294    1.0000
    0.1451    0.1451    1.0000
    0.1608    0.1608    1.0000
    0.1765    0.1765    1.0000
    0.1922    0.1922    1.0000
    0.2078    0.2078    1.0000
    0.2235    0.2235    1.0000
    0.2392    0.2392    1.0000
    0.2549    0.2549    1.0000
    0.2706    0.2706    1.0000
    0.2863    0.2863    1.0000
    0.3020    0.3020    1.0000
    0.3176    0.3176    1.0000
    0.3333    0.3333    1.0000
    0.3490    0.3490    1.0000
    0.3647    0.3647    1.0000
    0.3804    0.3804    1.0000
    0.3961    0.3961    1.0000
    0.4118    0.4118    1.0000
    0.4275    0.4275    1.0000
    0.4431    0.4431    1.0000
    0.4588    0.4588    1.0000
    0.4745    0.4745    1.0000
    0.4902    0.4902    1.0000
    0.5059    0.5059    1.0000
    0.5216    0.5216    1.0000
    0.5373    0.5373    1.0000
    0.5529    0.5529    1.0000
    0.5686    0.5686    1.0000
    0.5843    0.5843    1.0000
    0.6000    0.6000    1.0000
    0.6157    0.6157    1.0000
    0.6314    0.6314    1.0000
    0.6471    0.6471    1.0000
    0.6667    0.6667    1.0000
    0.6824    0.6824    1.0000
    0.6980    0.6980    1.0000
    0.7137    0.7137    1.0000
    0.7294    0.7294    1.0000
    0.7451    0.7451    1.0000
    0.7608    0.7608    1.0000
    0.7765    0.7765    1.0000
    0.7922    0.7922    1.0000
    0.8078    0.8078    1.0000
    0.8235    0.8235    1.0000
    0.8392    0.8392    1.0000
    0.8549    0.8549    1.0000
    0.8706    0.8706    1.0000
    0.8863    0.8863    1.0000
    0.9020    0.9020    1.0000
    0.9176    0.9176    1.0000
    0.9333    0.9333    1.0000
    0.9490    0.9490    1.0000
    0.9647    0.9647    1.0000
    0.9804    0.9804    1.0000
    0.9961    0.9961    1.0000
    1.0000    0.9961    0.9961
    1.0000    0.9804    0.9804
    1.0000    0.9647    0.9647
    1.0000    0.9490    0.9490
    1.0000    0.9333    0.9333
    1.0000    0.9176    0.9176
    1.0000    0.9020    0.9020
    1.0000    0.8863    0.8863
    1.0000    0.8706    0.8706
    1.0000    0.8549    0.8549
    1.0000    0.8392    0.8392
    1.0000    0.8235    0.8235
    1.0000    0.8078    0.8078
    1.0000    0.7922    0.7922
    1.0000    0.7765    0.7765
    1.0000    0.7608    0.7608
    1.0000    0.7451    0.7451
    1.0000    0.7294    0.7294
    1.0000    0.7137    0.7137
    1.0000    0.6980    0.6980
    1.0000    0.6824    0.6824
    1.0000    0.6667    0.6667
    1.0000    0.6510    0.6510
    1.0000    0.6314    0.6314
    1.0000    0.6157    0.6157
    1.0000    0.6000    0.6000
    1.0000    0.5843    0.5843
    1.0000    0.5686    0.5686
    1.0000    0.5529    0.5529
    1.0000    0.5373    0.5373
    1.0000    0.5216    0.5216
    1.0000    0.5059    0.5059
    1.0000    0.4902    0.4902
    1.0000    0.4745    0.4745
    1.0000    0.4588    0.4588
    1.0000    0.4431    0.4431
    1.0000    0.4275    0.4275
    1.0000    0.4118    0.4118
    1.0000    0.3961    0.3961
    1.0000    0.3804    0.3804
    1.0000    0.3647    0.3647
    1.0000    0.3490    0.3490
    1.0000    0.3333    0.3333
    1.0000    0.3176    0.3176
    1.0000    0.3020    0.3020
    1.0000    0.2863    0.2863
    1.0000    0.2706    0.2706
    1.0000    0.2549    0.2549
    1.0000    0.2392    0.2392
    1.0000    0.2235    0.2235
    1.0000    0.2078    0.2078
    1.0000    0.1922    0.1922
    1.0000    0.1765    0.1765
    1.0000    0.1608    0.1608
    1.0000    0.1451    0.1451
    1.0000    0.1294    0.1294
    1.0000    0.1137    0.1137
    1.0000    0.0980    0.0980
    1.0000    0.0824    0.0824
    1.0000    0.0667    0.0667
    1.0000    0.0510    0.0510
    1.0000    0.0353    0.0353
    1.0000    0.0196    0.0196
    1.0000    0.0039    0.0039
    0.9961         0         0
    0.9882         0         0
    0.9804         0         0
    0.9725         0         0
    0.9647         0         0
    0.9569         0         0
    0.9490         0         0
    0.9412         0         0
    0.9333         0         0
    0.9255         0         0
    0.9176         0         0
    0.9098         0         0
    0.9020         0         0
    0.8941         0         0
    0.8863         0         0
    0.8784         0         0
    0.8706         0         0
    0.8627         0         0
    0.8549         0         0
    0.8471         0         0
    0.8392         0         0
    0.8314         0         0
    0.8235         0         0
    0.8157         0         0
    0.8078         0         0
    0.8000         0         0
    0.7922         0         0
    0.7843         0         0
    0.7765         0         0
    0.7686         0         0
    0.7608         0         0
    0.7529         0         0
    0.7412         0         0
    0.7333         0         0
    0.7255         0         0
    0.7176         0         0
    0.7098         0         0
    0.7020         0         0
    0.6941         0         0
    0.6863         0         0
    0.6784         0         0
    0.6706         0         0
    0.6627         0         0
    0.6549         0         0
    0.6471         0         0
    0.6392         0         0
    0.6314         0         0
    0.6235         0         0
    0.6157         0         0
    0.6078         0         0
    0.6000         0         0
    0.5922         0         0
    0.5843         0         0
    0.5765         0         0
    0.5686         0         0
    0.5608         0         0
    0.5529         0         0
    0.5451         0         0
    0.5373         0         0
    0.5294         0         0
    0.5216         0         0
    0.5137         0         0
    0.5059         0         0
    0.4980         0         0
