1.0 1.0 1.0
0.95128027681660898 0.99391003460207616 0.99526336024605921
0.90256055363321797 0.98782006920415222 0.99052672049211843
0.85384083044982706 0.98173010380622838 0.98579008073817764
0.80512110726643593 0.97564013840830455 0.98105344098423686
0.75640138408304503 0.9695501730103806 0.97631680123029607
0.70768166089965401 0.96346020761245676 0.97158016147635529
0.65896193771626299 0.95737024221453293 0.9668435217224145
0.61024221453287197 0.95128027681660898 0.9621068819684736
0.56152249134948096 0.94519031141868515 0.95737024221453282
0.51280276816609005 0.93910034602076131 0.95263360246059203
0.46408304498269903 0.93301038062283737 0.94789696270665125
0.43100346020761249 0.92498269896193774 0.94122260668973468
0.42051518646674357 0.91415609381007312 0.9317493271818531
0.41002691272587466 0.90332948865820839 0.92227604767397153
0.3995386389850058 0.89250288350634377 0.91280276816608996
0.38905036524413689 0.88167627835447904 0.90332948865820839
0.37856209150326797 0.87084967320261442 0.89385620915032682
0.36807381776239911 0.86002306805074979 0.88438292964244525
0.3575855440215302 0.84919646289888506 0.87490965013456368
0.34709727028066129 0.83836985774702044 0.86543637062668211
0.33660899653979237 0.82754325259515571 0.85596309111880053
0.32612072279892351 0.81671664744329109 0.84648981161091896
0.3156324490580546 0.80589004229142647 0.83701653210303739
0.30348327566320649 0.78786620530565177 0.82006920415224915
0.29096501345636294 0.76824298346789699 0.80146097654748183
0.27844675124951945 0.74861976163014232 0.78285274894271439
0.26592848904267591 0.72899653979238754 0.76424452133794696
0.25341022683583236 0.70937331795463288 0.74563629373317963
0.24089196462898887 0.6897500961168781 0.7270280661284122
0.22837370242214533 0.67012687427912343 0.70841983852364476
0.21585544021530184 0.65050365244136876 0.68981161091887744
0.2033371780084583 0.63088043060361398 0.67120338331411
0.19081891580161486 0.61125720876585943 0.65259515570934279
0.17830065359477126 0.59163398692810454 0.63398692810457524
0.16655132641291812 0.57585544021530177 0.61968473663975399
0.15741637831603231 0.57314878892733556 0.62002306805074969
0.14828143021914658 0.57044213763936946 0.62036139946174551
0.13914648212226069 0.56773548635140325 0.62069973087274122
0.13001153402537488 0.56502883506343704 0.62103806228373704
0.12087658592848907 0.56232218377547094 0.62137639369473285
0.11174163783160332 0.55961553248750473 0.62171472510572856
0.10260668973471744 0.55690888119953863 0.62205305651672438
0.093471741637831632 0.55420222991157242 0.62239138792772009
0.084336793540945823 0.55149557862360621 0.6227297193387159
0.07520184544406007 0.54878892733564011 0.62306805074971161
0.066066897347174192 0.5460822760476739 0.62340638216070743
0.059300269127258762 0.55392541330257583 0.60006151480199932
0.05388696655132643 0.56779700115340248 0.56318339100346038
0.048473663975394141 0.58166858900422902 0.52630526720492155
0.043060361399461768 0.59554017685505567 0.48942714340638227
0.037647058823529436 0.60941176470588232 0.45254901960784327
0.032233756247597098 0.62328335255670886 0.41567089580930427
0.026820453671664808 0.6371549404075354 0.37879277201076555
0.021407151095732442 0.65102652825836205 0.34191464821222622
0.015993848519800104 0.6648981161091887 0.30503652441368723
0.010580545943867772 0.67876970396001535 0.26815840061514823
0.0051672433679354826 0.69264129181084177 0.23128027681660945
0.0015686274509801924 0.70634371395617068 0.19655517108804299
0.036078431372548833 0.71649365628604378 0.2070434448289119
0.07058823529411748 0.72664359861591699 0.21753171856978079
0.10509803921568589 0.73679354094578997 0.22801999231064962
0.13960784313725477 0.74694348327566318 0.23850826605151859
0.1741176470588234 0.75709342560553627 0.24899653979238751
0.20862745098039204 0.76724336793540937 0.25948481353325636
0.2431372549019607 0.77739331026528258 0.26997308727412528
0.27764705882352886 0.78754325259515556 0.28046136101499403
0.31215686274509796 0.79769319492502877 0.29094963475586311
0.34666666666666662 0.80784313725490187 0.30143790849673202
0.38117647058823523 0.81799307958477507 0.31192618223760088
0.41568627450980389 0.82814302191464817 0.32226066897347172
0.45019607843137255 0.83829296424452127 0.33241061130334482
0.48470588235294115 0.84844290657439436 0.34256055363321797
0.51921568627450976 0.85859284890426757 0.35271049596309106
0.55372549019607786 0.86874279123414055 0.36286043829296405
0.58823529411764697 0.87889273356401376 0.37301038062283731
0.62274509803921563 0.88904267589388697 0.38316032295271046
0.65725490196078429 0.89919261822376007 0.39331026528258362
0.69176470588235284 0.90934256055363316 0.40346020761245671
0.7262745098039215 0.91949250288350626 0.41361014994232981
0.76078431372549016 0.92964244521337946 0.42376009227220296
0.79529411764705871 0.93979238754325256 0.43391003460207611
0.81490196078431343 0.93562475970780479 0.42682045367166493
0.83215686274509804 0.92919646289888502 0.41700884275278743
0.84941176470588231 0.92276816608996537 0.4071972318339101
0.86666666666666659 0.91633986928104583 0.39738562091503271
0.88392156862745086 0.90991157247212617 0.38757400999615538
0.90117647058823525 0.90348327566320652 0.37776239907727804
0.91843137254901952 0.89705497885428687 0.36795078815840065
0.93568627450980379 0.89062668204536721 0.35813917723952332
0.95294117647058796 0.88419838523644767 0.3483275663206461
0.97019607843137246 0.87777008842752791 0.3385159554017686
0.98745098039215673 0.87134179161860825 0.32870434448289126
1.0 0.85633217993079613 0.3177854671280278
1.0 0.81843906189926985 0.3039138792772012
1.0 0.78054594386774345 0.29004229142637461
1.0 0.74265282583621717 0.27617070357554796
1.0 0.70475970780469077 0.26229911572472137
1.0 0.66686658977316504 0.24842752787389499
1.0 0.6289734717416382 0.23455594002306818
1.0 0.59108035371011181 0.22068435217224158
1.0 0.55318723567858541 0.20681276432141499
1.0 0.51529411764705912 0.19294117647058837
1.0 0.47740099961553278 0.17906958861976174
1.0 0.4395078815840065 0.16519800076893518
1.0 0.40230680507497146 0.15132641291810855
1.0 0.36542868127643302 0.13745482506728215
1.0 0.32855055747789347 0.12358323721645535
1.0 0.29167243367935447 0.10971164936562874
1.0 0.25479430988081542 0.09584006151480215
1.0 0.21791618608227642 0.081968473663975541
1.0 0.18103806228373742 0.068096885813148947
1.0 0.14415993848519837 0.054225297962322339
1.0 0.10728181468665937 0.040353710111495744
1.0 0.070403690888120873 0.026482122260669316
1.0 0.033525567089581321 0.012610534409842528
0.99757016532103071 0.0 0.0
0.97084198385236475 0.0 0.0
0.9441138023836988 0.0 0.0
0.91738562091503284 0.0 0.0
0.89065743944636699 0.0 0.0
0.86392925797770104 0.0 0.0
0.83720107650903552 0.0 0.0
0.81047289504036923 0.0 0.0
0.78374471357170328 0.0 0.0
0.75701653210303732 0.0 0.0
0.73028835063437136 0.0 0.0
0.70356016916570552 0.0 0.0
0.67649365628604385 0.0 0.0
0.64908881199538637 0.0 0.0
0.621683967704729 0.0 0.0
0.59427912341407152 0.0 0.0
0.56687427912341493 0.0 0.0
0.53946943483275667 0.0 0.0
0.51206459054209919 0.0 0.0
0.48465974625144181 0.0 0.0
0.45725490196078433 0.0 0.0
0.42985005767012691 0.0 0.0
0.40244521337946954 0.0 0.0
0.37504036908881205 0.0 0.0
0.3999231064975009 0.010457516339869249 0.078431372549019371
0.43003460207612448 0.021960784313725456 0.16470588235294092
0.46014609765474807 0.033464052287581661 0.25098039215686246
0.4902575932333717 0.044967320261437869 0.337254901960784
0.52036908881199528 0.056470588235294071 0.42352941176470554
0.55048058439061887 0.06797385620915028 0.50980392156862708
0.58059207996924245 0.079477124183006495 0.59607843137254868
0.61070357554786603 0.090980392156862683 0.68235294117647016
0.64081507112648883 0.10248366013071858 0.76862745098038932
0.6709265667051133 0.11398692810457511 0.85490196078431335
0.70103806228373688 0.12549019607843132 0.94117647058823484
0.72458285274894263 0.14108419838523631 1.0
0.7340561322568242 0.16544405997693182 1.0
0.74352941176470588 0.1898039215686273 1.0
0.75300269127258745 0.21416378316032281 1.0
0.76247597078046903 0.23852364475201832 1.0
0.7719492502883506 0.26288350634371382 1.0
0.78142252979623217 0.28724336793540928 1.0
0.79089580930411374 0.31160322952710479 1.0
0.80036908881199531 0.33596309111880029 1.0
0.80984236831987699 0.36032295271049575 1.0
0.81931564782775856 0.38468281430219131 1.0
0.82878892733564014 0.40904267589388676 1.0
0.83850826605151862 0.43315647827758536 1.0
0.84831987697039568 0.45717800845828438 1.0
0.85813148788927329 0.48119953863898479 1.0
0.86794309880815068 0.50522106881968454 1.0
0.87775470972702796 0.52924259900038428 1.0
0.88756632064590535 0.55326412918108403 1.0
0.89737793156478274 0.57728565936178367 1.0
0.90718954248366002 0.60130718954248341 1.0
0.91700115340253741 0.62532871972318316 1.0
0.92681276432141468 0.6493502499038829 1.0
0.93662437524029207 0.67337178008458265 1.0
0.9457439446366781 0.69504036908881195 0.99903114186851216
0.95048058439061889 0.70180699730872731 0.99192618223760098
0.95521722414455967 0.70857362552864278 0.98482122260668981
0.95995386389850046 0.71534025374855814 0.97771626297577863
0.96469050365244124 0.72210688196847361 0.97061130334486745
0.96942714340638214 0.72887351018838897 0.96350634371395627
0.9741637831603227 0.73564013840830422 0.9564013840830452
0.97890042291426371 0.74240676662821981 0.9492964244521338
0.9836370626682045 0.74917339484813528 0.94219146482122262
0.98837370242214528 0.75594002306805064 0.93508650519031145
0.99311034217608607 0.76270665128796611 0.92798154555940027
0.99784698193002686 0.76947327950788158 0.92087658592848909
1.0 0.76682814302191482 0.91008073817762414
1.0 0.75633986928104591 0.89620915032679749
1.0 0.74585159554017699 0.88233756247597084
1.0 0.73536332179930808 0.86846597462514419
1.0 0.72487504805843916 0.85459438677431754
1.0 0.71438677431757025 0.84072279892349089
1.0 0.70389850057670134 0.82685121107266435
1.0 0.69341022683583231 0.8129796232218377
1.0 0.6829219530949634 0.79910803537101105
1.0 0.67243367935409448 0.7852364475201844
1.0 0.6619454056132259 0.77136485966935819
1.0 0.65145713187235665 0.7574932718185311
1.0 0.64096885813148785 0.74362168396770456
1.0 0.63048058439061894 0.72975009611687802
1.0 0.61999231064975002 0.71587850826605148
1.0 0.60950403690888122 0.70200692041522483
1.0 0.59901576316801231 0.68813533256439829
1.0 0.5885274894271435 0.67426374471357176
1.0 0.57803921568627459 0.66039215686274511
1.0 0.56755094194540567 0.64652056901191857
1.0 0.55706266820453687 0.63264898116109203
1.0 0.54657439446366796 0.61877739331026549
1.0 0.53608612072279915 0.60490580545943895
1.0 0.5257208765859287 0.59091118800461384
1.0 0.51557093425605549 0.57670126874279148
1.0 0.50542099192618239 0.56249134948096902
1.0 0.49527104959630952 0.54828143021914699
1.0 0.48512110726643609 0.53407151095732419
1.0 0.47497116493656294 0.51986159169550183
1.0 0.46482122260668979 0.50565167243367937
1.0 0.45467128027681664 0.49144175317185701
1.0 0.44452133794694348 0.4772318339100346
1.0 0.43437139561707033 0.46302191464821219
1.0 0.42422145328719718 0.44881199538638983
1.0 0.41407151095732403 0.43460207612456736
0.99346405228758161 0.40339869281045743 0.42431372549019603
0.98500576701268738 0.39257208765859281 0.41517877739331027
0.97654748173779315 0.38174548250672813 0.40604382929642446
0.96808919646289893 0.37091887735486351 0.39690888119953871
0.9596309111880047 0.36009227220299889 0.3877739331026529
0.95117262591311036 0.34926566705113427 0.37863898500576709
0.94271434063821613 0.33843906189926959 0.36950403690888128
0.93425605536332212 0.32761245674740525 0.36036908881199581
0.92579777008842767 0.31678585159554035 0.35123414071510972
0.91733948481353345 0.30595924644367567 0.34209919261822397
0.90888119953863922 0.29513264129181105 0.33296424452133816
0.8987620146097659 0.28430603613994643 0.32475201845444068
0.88116878123798581 0.2734794309880817 0.32069204152249142
0.86357554786620561 0.26265282583621702 0.31663206459054216
0.84598231449442551 0.25182622068435234 0.3125720876585929
0.82838908112264542 0.24099961553248767 0.30851211072664364
0.81079584775086522 0.23017301038062296 0.30445213379469438
0.79320261437908512 0.21934640522875826 0.30039215686274512
0.77560938100730503 0.20851980007689358 0.29633217993079591
0.75801614763552483 0.1976931949250289 0.2922722029988466
0.74042291426374474 0.1868665897731642 0.28821222606689739
0.72282968089196453 0.17603998462129949 0.28415224913494813
0.70523644752018444 0.16521337946943482 0.28009227220299887
0.69304113802383716 0.15758554402153033 0.27743175701653217
0.68458285274894271 0.15217224144559785 0.27574009996155324
0.67612456747404837 0.14675893886966551 0.27404844290657443
0.66766628219915414 0.14134563629373317 0.27235678585159556
0.65920799692425991 0.13593233371780084 0.27066512879661669
0.65074971164936557 0.13051903114186852 0.26897347174163783
0.64229142637447134 0.12510572856593619 0.26728181468665901
0.633833141099577 0.11969242599000385 0.26559015763168015
0.62537485582468277 0.11427912341407151 0.26389850057670128
0.61691657054978855 0.10886582083813917 0.26220684352172241
0.60845828527489421 0.10345251826220685 0.2605151864667436
0.59999999999999998 0.098039215686274508 0.25882352941176473
