0.501960784 0.17254902 0
0.509803922 0.180392157 0
0.517647059 0.184313725 0
0.525490196 0.192156863 0
0.533333333 0.196078431 0
0.541176471 0.2 0
0.549019608 0.207843137 0
0.556862745 0.211764706 0
0.564705882 0.219607843 0
0.57254902 0.223529412 0
0.580392157 0.231372549 0
0.588235294 0.235294118 0
0.596078431 0.243137255 0
0.603921569 0.247058824 0
0.611764706 0.254901961 0
0.619607843 0.258823529 0
0.62745098 0.266666667 0
0.635294118 0.270588235 0
0.643137255 0.278431373 0
0.650980392 0.282352941 0
0.658823529 0.290196078 0
0.666666667 0.294117647 0
0.674509804 0.301960784 0
0.682352941 0.305882353 0
0.690196078 0.31372549 0
0.698039216 0.317647059 0
0.705882353 0.325490196 0
0.71372549 0.329411765 0
0.721568627 0.337254902 0
0.729411765 0.341176471 0
0.737254902 0.349019608 0
0.745098039 0.352941176 0
0.752941176 0.360784314 0
0.760784314 0.364705882 0
0.768627451 0.37254902 0
0.776470588 0.376470588 0
0.784313725 0.384313725 0
0.792156863 0.388235294 0
0.8 0.396078431 0
0.807843137 0.4 0
0.815686275 0.407843137 0
0.823529412 0.411764706 0
0.831372549 0.419607843 0
0.839215686 0.423529412 0
0.847058824 0.431372549 0
0.854901961 0.435294118 0
0.862745098 0.443137255 0
0.870588235 0.447058824 0
0.878431373 0.454901961 0
0.88627451 0.458823529 0
0.894117647 0.466666667 0
0.901960784 0.470588235 0
0.909803922 0.478431373 0
0.917647059 0.482352941 0
0.925490196 0.490196078 0
0.933333333 0.494117647 0
0.941176471 0.501960784 0
0.949019608 0.505882353 0
0.956862745 0.51372549 0
0.964705882 0.517647059 0
0.97254902 0.521568627 0
0.980392157 0.529411765 0
0.988235294 0.533333333 0
0.996078431 0.541176471 0
1 0.549019608 0.003921569
1 0.552941176 0.019607843
1 0.560784314 0.035294118
1 0.568627451 0.050980392
1 0.576470588 0.066666667
1 0.584313725 0.082352941
1 0.592156863 0.098039216
1 0.596078431 0.11372549
1 0.603921569 0.129411765
1 0.611764706 0.145098039
1 0.619607843 0.160784314
1 0.62745098 0.176470588
1 0.635294118 0.192156863
1 0.639215686 0.207843137
1 0.647058824 0.223529412
1 0.654901961 0.239215686
1 0.662745098 0.254901961
1 0.670588235 0.270588235
1 0.674509804 0.28627451
1 0.682352941 0.301960784
1 0.690196078 0.317647059
1 0.698039216 0.333333333
1 0.705882353 0.349019608
1 0.71372549 0.364705882
1 0.717647059 0.380392157
1 0.725490196 0.396078431
1 0.733333333 0.411764706
1 0.741176471 0.42745098
1 0.749019608 0.443137255
1 0.756862745 0.458823529
1 0.760784314 0.474509804
1 0.768627451 0.490196078
1 0.776470588 0.505882353
1 0.784313725 0.521568627
1 0.792156863 0.537254902
1 0.8 0.552941176
1 0.803921569 0.568627451
1 0.811764706 0.584313725
1 0.819607843 0.6
1 0.82745098 0.615686275
1 0.835294118 0.631372549
1 0.843137255 0.647058824
1 0.847058824 0.666666667
1 0.854901961 0.682352941
1 0.862745098 0.698039216
1 0.870588235 0.71372549
1 0.878431373 0.729411765
1 0.88627451 0.745098039
1 0.890196078 0.760784314
1 0.898039216 0.776470588
1 0.905882353 0.792156863
1 0.91372549 0.807843137
1 0.921568627 0.823529412
1 0.929411765 0.839215686
1 0.933333333 0.854901961
1 0.941176471 0.870588235
1 0.949019608 0.88627451
1 0.956862745 0.901960784
1 0.964705882 0.917647059
1 0.97254902 0.933333333
1 0.976470588 0.949019608
1 0.984313725 0.964705882
1 0.992156863 0.980392157
1 1 0.996078431
0.996078431 1 0.996078431
0.980392157 0.996078431 0.980392157
0.964705882 0.992156863 0.964705882
0.949019608 0.988235294 0.949019608
0.933333333 0.984313725 0.933333333
0.917647059 0.980392157 0.917647059
0.901960784 0.976470588 0.901960784
0.88627451 0.97254902 0.88627451
0.870588235 0.964705882 0.870588235
0.854901961 0.960784314 0.854901961
0.839215686 0.956862745 0.839215686
0.823529412 0.952941176 0.823529412
0.807843137 0.949019608 0.807843137
0.792156863 0.945098039 0.792156863
0.776470588 0.941176471 0.776470588
0.760784314 0.937254902 0.760784314
0.745098039 0.933333333 0.745098039
0.729411765 0.925490196 0.729411765
0.71372549 0.921568627 0.71372549
0.698039216 0.917647059 0.698039216
0.682352941 0.91372549 0.682352941
0.666666667 0.909803922 0.666666667
0.650980392 0.905882353 0.650980392
0.631372549 0.901960784 0.635294118
0.615686275 0.898039216 0.619607843
0.6 0.894117647 0.603921569
0.584313725 0.890196078 0.588235294
0.568627451 0.882352941 0.57254902
0.552941176 0.878431373 0.556862745
0.537254902 0.874509804 0.541176471
0.521568627 0.870588235 0.525490196
0.505882353 0.866666667 0.509803922
0.490196078 0.862745098 0.494117647
0.474509804 0.858823529 0.478431373
0.458823529 0.854901961 0.462745098
0.443137255 0.850980392 0.447058824
0.42745098 0.847058824 0.431372549
0.411764706 0.839215686 0.415686275
0.396078431 0.835294118 0.4
0.380392157 0.831372549 0.384313725
0.364705882 0.82745098 0.368627451
0.349019608 0.823529412 0.352941176
0.333333333 0.819607843 0.337254902
0.317647059 0.815686275 0.321568627
0.301960784 0.811764706 0.305882353
0.28627451 0.807843137 0.290196078
0.270588235 0.8 0.274509804
0.254901961 0.796078431 0.258823529
0.239215686 0.792156863 0.243137255
0.223529412 0.788235294 0.22745098
0.207843137 0.784313725 0.211764706
0.192156863 0.780392157 0.196078431
0.176470588 0.776470588 0.180392157
0.160784314 0.77254902 0.164705882
0.145098039 0.768627451 0.149019608
0.129411765 0.764705882 0.133333333
0.11372549 0.756862745 0.117647059
0.098039216 0.752941176 0.101960784
0.082352941 0.749019608 0.08627451
0.066666667 0.745098039 0.070588235
0.050980392 0.741176471 0.054901961
0.035294118 0.737254902 0.039215686
0.019607843 0.733333333 0.023529412
0.003921569 0.729411765 0.007843137
0 0.721568627 0.007843137
0 0.717647059 0.015686275
0 0.71372549 0.023529412
0 0.705882353 0.031372549
0 0.701960784 0.039215686
0 0.698039216 0.047058824
0 0.690196078 0.054901961
0 0.68627451 0.062745098
0 0.678431373 0.070588235
0 0.674509804 0.082352941
0 0.670588235 0.090196078
0 0.662745098 0.098039216
0 0.658823529 0.105882353
0 0.654901961 0.11372549
0 0.647058824 0.121568627
0 0.643137255 0.129411765
0 0.639215686 0.137254902
0 0.631372549 0.145098039
0 0.62745098 0.152941176
0 0.619607843 0.160784314
0 0.615686275 0.168627451
0 0.611764706 0.176470588
0 0.603921569 0.184313725
0 0.6 0.192156863
0 0.596078431 0.2
0 0.588235294 0.207843137
0 0.584313725 0.215686275
0 0.576470588 0.223529412
0 0.57254902 0.231372549
0 0.568627451 0.239215686
0 0.560784314 0.247058824
0 0.556862745 0.254901961
0 0.552941176 0.262745098
0 0.545098039 0.270588235
0 0.541176471 0.278431373
0 0.533333333 0.28627451
0 0.529411765 0.294117647
0 0.525490196 0.301960784
0 0.517647059 0.309803922
0 0.51372549 0.317647059
0 0.509803922 0.325490196
0 0.501960784 0.333333333
0 0.498039216 0.341176471
0 0.494117647 0.349019608
0 0.48627451 0.356862745
0 0.482352941 0.364705882
0 0.474509804 0.37254902
0 0.470588235 0.380392157
0 0.466666667 0.388235294
0 0.458823529 0.396078431
0 0.454901961 0.407843137
0 0.450980392 0.415686275
0 0.443137255 0.423529412
0 0.439215686 0.431372549
0 0.431372549 0.439215686
0 0.42745098 0.447058824
0 0.423529412 0.454901961
0 0.415686275 0.462745098
0 0.411764706 0.470588235
0 0.407843137 0.478431373
0 0.4 0.48627451
0 0.396078431 0.494117647
0 0.392156863 0.501960784
0 0.384313725 0.509803922

